[head]
texture = 11ww.png
total_frame = 2
[1]
lb_x = 0.000000
lb_y = 0.666667
lt_x = 0.000000
lt_y = 1.000000
rt_x = 0.500000
rt_y = 1.000000
rb_x = 0.500000
rb_y = 0.666667
[2]
lb_x = 0.500000
lb_y = 0.666667
lt_x = 0.500000
lt_y = 1.000000
rt_x = 1.000000
rt_y = 1.000000
rb_x = 1.000000
rb_y = 0.666667
